Macro-F1: 0.8974476395972021
Micro-F1: 0.9834399670173617